<?xml version="1.0" standalone="no"?>
<!DOCTYPE svg PUBLIC "-//W3C//DTD SVG 20010904//EN"
 "http://www.w3.org/TR/2001/REC-SVG-20010904/DTD/svg10.dtd">
<svg version="1.0" xmlns="http://www.w3.org/2000/svg"
 width="1200.000000pt" height="1200.000000pt" viewBox="0 0 1200.000000 1200.000000"
 preserveAspectRatio="xMidYMid meet">
<metadata>
Created by potrace 1.11, written by Peter Selinger 2001-2013
</metadata>
<g transform="translate(0.000000,1200.000000) scale(0.100000,-0.100000)"
fill="#000000" stroke="none">
<path d="M5752 10124 c-110 -27 -180 -58 -272 -119 -130 -86 -259 -251 -309
-396 -46 -129 -51 -193 -38 -449 2 -34 1 -35 -39 -37 -105 -5 -268 -63 -370
-134 -134 -92 -261 -274 -289 -414 -38 -188 -19 -349 57 -499 85 -167 247
-306 422 -362 79 -25 114 -30 241 -39 85 -5 158 -27 228 -68 42 -25 132 -110
150 -143 8 -14 7 -16 -9 -9 -10 4 -80 9 -154 11 -117 3 -147 0 -228 -21 -52
-13 -126 -42 -166 -63 -72 -39 -73 -39 -97 -21 -38 30 -93 56 -150 73 -44 13
-116 16 -428 16 -221 0 -394 -5 -421 -11 -54 -12 -131 -50 -179 -88 l-37 -29
-21 22 c-30 31 -116 76 -177 92 -83 22 -233 18 -331 -10 -37 -10 -108 -53
-152 -91 -55 -49 -96 -110 -123 -187 l-17 -48 -36 54 c-157 236 -424 342 -761
303 -77 -9 -212 -56 -282 -98 -243 -147 -366 -399 -358 -734 2 -111 5 -138 20
-220 16 -88 63 -189 126 -271 l46 -61 -44 -39 c-166 -147 -199 -386 -86 -628
74 -157 214 -283 381 -341 38 -13 82 -27 97 -30 16 -2 40 -7 54 -11 85 -19
314 -9 415 20 6 2 24 6 40 11 17 4 60 22 97 40 l67 32 35 -23 c20 -14 47 -29
61 -34 l25 -10 -24 -48 c-90 -179 -30 -403 137 -512 l63 -40 1 -185 c1 -199
12 -261 59 -341 114 -194 385 -257 573 -132 39 26 45 27 60 14 9 -8 39 -26 66
-39 108 -54 237 -54 353 -2 55 25 62 26 83 12 73 -48 225 -62 325 -32 35 10
53 11 73 3 33 -14 542 -20 600 -7 28 6 56 6 83 -1 109 -30 255 -4 345 61 l43
30 23 -23 c22 -23 23 -24 22 -307 l0 -283 -33 -29 -32 -29 -346 0 -346 0 -29
-29 c-20 -20 -29 -40 -30 -63 0 -18 0 -196 0 -396 1 -271 4 -368 14 -383 24
-40 59 -45 315 -44 l243 1 27 27 c27 27 27 32 32 172 1 34 42 74 82 80 30 5
42 1 68 -22 30 -27 32 -32 35 -116 4 -96 12 -113 60 -132 42 -16 491 -14 522
3 35 19 47 51 48 135 2 70 5 82 27 104 44 44 127 39 158 -10 7 -12 15 -49 16
-82 7 -161 3 -159 299 -160 127 -1 244 3 262 7 18 5 41 20 51 33 18 23 20 46
20 407 1 256 -2 392 -10 411 -22 55 -35 57 -416 57 l-348 0 -29 30 -29 31 -1
252 0 252 115 1 c132 0 210 17 314 68 l69 34 63 -33 c175 -93 430 -98 612 -13
l43 21 57 -30 c115 -60 252 -61 378 -2 41 20 42 20 81 -1 88 -46 215 -55 314
-24 37 12 52 12 75 3 42 -18 546 -21 617 -5 106 25 195 87 252 177 73 114 76
276 9 398 -19 35 -23 53 -18 85 7 49 7 120 -1 156 -4 17 2 41 19 71 79 143 59
330 -49 456 -19 23 -35 50 -35 62 0 32 63 88 107 96 50 8 85 -6 143 -58 68
-60 148 -105 243 -137 107 -36 165 -44 317 -44 421 3 710 249 755 644 9 76 9
238 1 341 -12 160 -68 321 -142 408 l-33 38 26 24 c33 31 84 111 108 169 26
66 29 198 6 287 -50 195 -159 343 -324 442 -52 31 -193 78 -264 87 -227 29
-427 -13 -590 -123 l-52 -36 -44 39 c-85 75 -185 112 -305 112 -89 0 -182 -26
-246 -70 l-39 -27 -38 25 c-79 49 -139 67 -239 70 -72 2 -107 -1 -145 -15 -74
-27 -87 -32 -127 -59 l-37 -24 -43 30 c-24 17 -77 40 -117 52 -131 40 -293 13
-397 -66 l-45 -35 -61 41 c-184 123 -424 101 -581 -53 -18 -18 -19 -18 -40 1
-26 24 -147 91 -174 97 -10 2 -30 8 -45 13 -73 29 -271 46 -363 32 -26 -4 -45
-3 -45 3 0 22 129 135 185 162 80 37 113 45 225 50 125 6 180 15 258 41 167
56 328 196 406 353 57 114 76 186 81 312 8 227 -88 434 -269 578 -124 99 -274
156 -434 166 -23 1 -45 4 -47 7 -3 3 -1 34 4 69 9 67 7 236 -4 279 -3 14 -8
36 -11 49 -3 13 -18 58 -34 100 -76 195 -245 369 -442 452 -155 66 -345 82
-506 43z m240 -618 c52 -9 112 -70 127 -129 39 -156 -124 -287 -266 -213 -122
63 -132 237 -19 315 55 38 76 42 158 27z m825 -1024 c58 -32 62 -121 7 -157
-24 -15 -96 -17 -842 -16 -450 0 -829 0 -844 1 -37 0 -85 43 -90 80 -7 44 26
86 75 100 10 3 391 5 845 5 639 -1 832 -4 849 -13z"/>
</g>
</svg>
